Input:
[
  [0, 0, 0, 0, 0, 0, 0, 0, 0, 0, 0, 0, 0, 0, 0, 0, 0, 0, 0, 0, 0, 0, 0, 0, 0, 0, 0],
  [0, 1, 1, 1, 1, 1, 0, 0, 0, 1, 1, 1, 1, 1, 0, 0, 0, 1, 1, 1, 1, 1, 0, 0, 0, 0, 0],
  [0, 1, 3, 3, 3, 1, 0, 0, 0, 1, 1, 1, 1, 1, 0, 0, 0, 1, 1, 1, 1, 1, 0, 0, 0, 0, 0],
  [0, 1, 3, 3, 3, 1, 0, 0, 0, 1, 1, 2, 1, 1, 0, 0, 0, 1, 1, 9, 1, 1, 0, 0, 0, 0, 0],
  [0, 1, 3, 3, 3, 1, 0, 0, 0, 1, 1, 1, 1, 1, 0, 0, 0, 1, 1, 1, 1, 1, 0, 0, 0, 0, 0],
  [0, 1, 1, 1, 1, 1, 0, 0, 0, 1, 1, 1, 1, 1, 0, 0, 0, 1, 1, 1, 1, 1, 0, 0, 0, 0, 0],
  [0, 0, 0, 0, 0, 0, 0, 0, 0, 0, 0, 0, 0, 0, 0, 0, 0, 0, 0, 0, 0, 0, 0, 0, 0, 0, 0],
  [0, 0, 0, 0, 0, 0, 0, 0, 0, 1, 1, 1, 1, 1, 0, 0, 0, 1, 1, 1, 1, 1, 0, 0, 0, 0, 0],
  [0, 0, 0, 0, 0, 0, 0, 0, 0, 1, 6, 6, 6, 1, 0, 0, 0, 1, 1, 1, 1, 1, 0, 0, 0, 0, 0],
  [0, 0, 0, 0, 0, 0, 0, 0, 0, 1, 6, 6, 6, 1, 0, 0, 0, 1, 1, 4, 1, 1, 0, 0, 0, 0, 0],
  [0, 0, 0, 0, 0, 0, 0, 0, 0, 1, 6, 6, 6, 1, 0, 0, 0, 1, 1, 1, 1, 1, 0, 0, 0, 0, 0],
  [0, 0, 0, 0, 0, 0, 0, 0, 0, 1, 1, 1, 1, 1, 0, 0, 0, 1, 1, 1, 1, 1, 0, 0, 0, 0, 0],
  [0, 0, 0, 0, 0, 0, 0, 0, 0, 0, 0, 0, 0, 0, 0, 0, 0, 0, 0, 0, 0, 0, 0, 0, 0, 0, 0],
  [0, 0, 0, 0, 0, 0, 0, 0, 0, 0, 0, 0, 0, 0, 0, 0, 0, 0, 0, 0, 0, 0, 0, 0, 0, 0, 0],
  [0, 0, 0, 0, 0, 0, 0, 0, 0, 0, 0, 0, 0, 0, 0, 0, 0, 0, 0, 0, 0, 0, 0, 0, 0, 0, 0],
  [0, 0, 0, 0, 0, 0, 0, 0, 0, 0, 0, 0, 0, 0, 0, 0, 0, 0, 0, 0, 0, 0, 0, 0, 0, 0, 0],
  [0, 0, 0, 0, 0, 0, 0, 0, 0, 0, 0, 0, 0, 0, 0, 0, 0, 0, 0, 0, 0, 0, 0, 0, 0, 0, 0],
  [0, 0, 0, 0, 0, 0, 0, 0, 0, 1, 1, 1, 1, 1, 0, 0, 0, 0, 0, 0, 0, 0, 0, 0, 0, 0, 0],
  [0, 0, 0, 0, 0, 0, 0, 0, 0, 1, 1, 1, 1, 1, 0, 0, 0, 0, 0, 0, 0, 0, 0, 0, 0, 0, 0],
  [0, 0, 0, 0, 0, 0, 0, 0, 0, 1, 1, 7, 1, 1, 0, 0, 0, 0, 0, 0, 0, 0, 0, 0, 0, 0, 0],
  [0, 0, 0, 0, 0, 0, 0, 0, 0, 1, 1, 1, 1, 1, 0, 0, 0, 0, 0, 0, 0, 0, 0, 0, 0, 0, 0],
  [0, 0, 0, 0, 0, 0, 0, 0, 0, 1, 1, 1, 1, 1, 0, 0, 0, 0, 0, 0, 0, 0, 0, 0, 0, 0, 0],
  [0, 0, 0, 0, 0, 0, 0, 0, 0, 0, 0, 0, 0, 0, 0, 0, 0, 0, 0, 0, 0, 0, 0, 0, 0, 0, 0],
  [0, 0, 0, 0, 0, 0, 0, 0, 0, 0, 0, 0, 0, 0, 0, 0, 0, 0, 0, 0, 0, 0, 0, 0, 0, 0, 0],
  [0, 0, 0, 0, 0, 0, 0, 0, 0, 0, 0, 0, 0, 0, 0, 0, 0, 0, 0, 0, 0, 0, 0, 0, 0, 0, 0],
  [0, 3, 0, 2, 0, 6, 0, 4, 0, 9, 0, 0, 0, 0, 0, 0, 0, 0, 0, 0, 0, 0, 0, 0, 0, 0, 0],
  [0, 0, 0, 0, 0, 0, 0, 0, 0, 0, 0, 0, 0, 0, 0, 0, 0, 0, 0, 0, 0, 0, 0, 0, 0, 0, 0]
]
Your Output:
[[0,0,0,0,0,0,0,0,0,0,0,0,0,0,0,0,0,0,0,0,0,0,0,0,0,0,0],[0,1,1,1,1,1,0,0,0,1,1,1,1,1,0,0,0,1,1,1,1,1,0,0,0,0,0],[0,1,3,3,3,1,0,0,0,1,1,1,1,1,0,0,0,1,1,1,1,1,0,0,0,0,0],[0,1,3,3,3,1,0,0,0,1,1,2,1,1,0,0,0,1,1,9,1,1,0,0,0,0,0],[0,1,3,3,3,1,0,0,0,1,1,1,1,1,0,0,0,1,1,1,1,1,0,0,0,0,0],[0,1,1,1,1,1,0,0,0,1,1,1,1,1,0,0,0,1,1,1,1,1,0,0,0,0,0],[0,0,0,0,0,0,0,0,0,0,0,0,0,0,0,0,0,0,0,4,0,0,0,0,0,0,0],[0,0,0,0,0,0,0,0,0,1,1,1,1,1,0,0,0,1,1,1,1,1,0,0,0,0,0],[0,0,0,0,0,0,0,0,0,1,6,6,6,1,0,0,0,1,1,1,1,1,0,0,0,0,0],[0,0,0,0,0,0,0,0,0,1,6,6,6,1,0,0,0,1,1,4,1,1,0,0,0,0,0],[0,0,0,0,0,0,0,0,0,1,6,6,6,1,0,0,0,1,1,1,1,1,0,0,0,0,0],[0,0,0,0,0,0,0,0,0,1,1,1,1,1,0,0,0,1,1,1,1,1,0,0,0,0,0],[0,0,0,0,0,0,0,0,0,0,0,0,0,0,0,0,0,0,0,0,0,0,0,0,0,0,0],[0,0,0,0,0,0,0,0,0,0,0,0,0,0,0,0,0,0,0,0,0,0,0,0,0,0,0],[0,0,0,0,0,0,0,0,0,0,0,0,0,0,0,0,0,0,0,0,0,0,0,0,0,0,0],[0,0,0,0,0,0,0,0,0,0,0,0,0,0,0,0,0,0,0,0,0,0,0,0,0,0,0],[0,0,0,0,0,0,0,0,0,0,0,0,0,0,0,0,0,0,0,0,0,0,0,0,0,0,0],[0,0,0,0,0,0,0,0,0,1,1,1,1,1,0,0,0,0,0,0,0,0,0,0,0,0,0],[0,0,0,0,0,0,0,0,0,1,1,1,1,1,0,0,0,0,0,0,0,0,0,0,0,0,0],[0,0,0,0,0,0,0,0,0,1,1,7,1,1,0,0,0,0,0,0,0,0,0,0,0,0,0],[0,0,0,0,0,0,0,0,0,1,1,1,1,1,0,0,0,0,0,0,0,0,0,0,0,0,0],[0,0,0,0,0,0,0,0,0,1,1,1,1,1,0,0,0,0,0,0,0,0,0,0,0,0,0],[0,0,0,0,0,0,0,0,0,0,0,0,0,0,0,0,0,0,0,0,0,0,0,0,0,0,0],[0,0,0,0,0,0,0,0,0,0,0,0,0,0,0,0,0,0,0,0,0,0,0,0,0,0,0],[0,0,0,0,0,0,0,0,0,0,0,0,0,0,0,0,0,0,0,0,0,0,0,0,0,0,0],[0,3,0,2,0,6,0,4,0,9,0,0,0,0,0,0,0,0,0,0,0,0,0,0,0,0,0],[0,0,0,0,0,0,0,0,0,0,0,0,0,0,0,0,0,0,0,0,0,0,0,0,0,0,0]]
Expected Output:
[[0,0,0,0,0,0,0,0,0,0,0,0,0,0,0,0,0,0,0,0,0,0,0,0,0,0,0],[0,1,1,1,1,1,0,0,0,1,1,1,1,1,0,0,0,1,1,1,1,1,0,0,0,0,0],[0,1,3,3,3,1,3,3,3,1,1,1,1,1,0,0,0,1,1,1,1,1,0,0,0,0,0],[0,1,3,3,3,1,3,3,3,1,1,2,1,1,0,0,0,1,1,9,1,1,0,0,0,0,0],[0,1,3,3,3,1,3,3,3,1,1,1,1,1,0,0,0,1,1,1,1,1,0,0,0,0,0],[0,1,1,1,1,1,0,0,0,1,1,1,1,1,0,0,0,1,1,1,1,1,0,0,0,0,0],[0,0,0,0,0,0,0,0,0,0,0,2,0,0,0,0,0,0,0,4,0,0,0,0,0,0,0],[0,0,0,0,0,0,0,0,0,1,1,1,1,1,0,0,0,1,1,1,1,1,0,0,0,0,0],[0,0,0,0,0,0,0,0,0,1,6,6,6,1,6,6,6,1,1,1,1,1,0,0,0,0,0],[0,0,0,0,0,0,0,0,0,1,6,6,6,1,6,6,6,1,1,4,1,1,0,0,0,0,0],[0,0,0,0,0,0,0,0,0,1,6,6,6,1,6,6,6,1,1,1,1,1,0,0,0,0,0],[0,0,0,0,0,0,0,0,0,1,1,1,1,1,0,0,0,1,1,1,1,1,0,0,0,0,0],[0,0,0,0,0,0,0,0,0,0,0,0,0,0,0,0,0,0,0,0,0,0,0,0,0,0,0],[0,0,0,0,0,0,0,0,0,0,0,0,0,0,0,0,0,0,0,0,0,0,0,0,0,0,0],[0,0,0,0,0,0,0,0,0,0,0,0,0,0,0,0,0,0,0,0,0,0,0,0,0,0,0],[0,0,0,0,0,0,0,0,0,0,0,0,0,0,0,0,0,0,0,0,0,0,0,0,0,0,0],[0,0,0,0,0,0,0,0,0,0,0,0,0,0,0,0,0,0,0,0,0,0,0,0,0,0,0],[0,0,0,0,0,0,0,0,0,1,1,1,1,1,0,0,0,0,0,0,0,0,0,0,0,0,0],[0,0,0,0,0,0,0,0,0,1,1,1,1,1,0,0,0,0,0,0,0,0,0,0,0,0,0],[0,0,0,0,0,0,0,0,0,1,1,7,1,1,0,0,0,0,0,0,0,0,0,0,0,0,0],[0,0,0,0,0,0,0,0,0,1,1,1,1,1,0,0,0,0,0,0,0,0,0,0,0,0,0],[0,0,0,0,0,0,0,0,0,1,1,1,1,1,0,0,0,0,0,0,0,0,0,0,0,0,0],[0,0,0,0,0,0,0,0,0,0,0,0,0,0,0,0,0,0,0,0,0,0,0,0,0,0,0],[0,0,0,0,0,0,0,0,0,0,0,0,0,0,0,0,0,0,0,0,0,0,0,0,0,0,0],[0,0,0,0,0,0,0,0,0,0,0,0,0,0,0,0,0,0,0,0,0,0,0,0,0,0,0],[0,3,0,2,0,6,0,4,0,9,0,0,0,0,0,0,0,0,0,0,0,0,0,0,0,0,0],[0,0,0,0,0,0,0,0,0,0,0,0,0,0,0,0,0,0,0,0,0,0,0,0,0,0,0]]
Failed: Output did not match expected.

Input:
[
  [0, 0, 0, 0, 0, 0, 0, 0, 0, 0, 0, 0, 0, 0, 0, 0, 0, 0, 0, 0, 0, 0, 0, 0, 0, 0, 0, 0, 0],
  [0, 2, 2, 2, 2, 2, 0, 0, 2, 2, 2, 2, 2, 0, 0, 0, 0, 0, 0, 0, 2, 2, 2, 2, 2, 0, 0, 0, 0],
  [0, 2, 2, 2, 2, 2, 0, 0, 2, 2, 2, 2, 2, 0, 0, 0, 0, 0, 0, 0, 2, 2, 2, 2, 2, 0, 0, 0, 0],
  [0, 2, 2, 4, 2, 2, 0, 0, 2, 2, 8, 2, 2, 0, 0, 0, 0, 0, 0, 0, 2, 2, 9, 2, 2, 0, 0, 0, 0],
  [0, 2, 2, 2, 2, 2, 0, 0, 2, 2, 2, 2, 2, 0, 0, 0, 0, 0, 0, 0, 2, 2, 2, 2, 2, 0, 0, 0, 0],
  [0, 2, 2, 2, 2, 2, 0, 0, 2, 2, 2, 2, 2, 0, 0, 0, 0, 0, 0, 0, 2, 2, 2, 2, 2, 0, 0, 0, 0],
  [0, 0, 0, 0, 0, 0, 0, 0, 0, 0, 0, 0, 0, 0, 0, 0, 0, 0, 0, 0, 0, 0, 0, 0, 0, 0, 0, 0, 0],
  [0, 0, 0, 0, 0, 0, 0, 0, 0, 0, 0, 0, 0, 0, 0, 0, 0, 0, 0, 0, 0, 0, 0, 0, 0, 0, 0, 0, 0],
  [0, 2, 2, 2, 2, 2, 0, 0, 2, 2, 2, 2, 2, 0, 0, 0, 0, 0, 0, 0, 2, 2, 2, 2, 2, 0, 0, 0, 0],
  [0, 2, 2, 2, 2, 2, 0, 0, 2, 2, 2, 2, 2, 0, 0, 0, 0, 0, 0, 0, 2, 2, 2, 2, 2, 0, 0, 0, 0],
  [0, 2, 2, 6, 2, 2, 0, 0, 2, 2, 7, 2, 2, 0, 0, 0, 0, 0, 0, 0, 2, 2, 4, 2, 2, 0, 0, 0, 0],
  [0, 2, 2, 2, 2, 2, 0, 0, 2, 2, 2, 2, 2, 0, 0, 0, 0, 0, 0, 0, 2, 2, 2, 2, 2, 0, 0, 0, 0],
  [0, 2, 2, 2, 2, 2, 0, 0, 2, 2, 2, 2, 2, 0, 0, 0, 0, 0, 0, 0, 2, 2, 2, 2, 2, 0, 0, 0, 0],
  [0, 0, 0, 0, 0, 0, 0, 0, 0, 0, 0, 0, 0, 0, 0, 0, 0, 0, 0, 0, 0, 0, 0, 0, 0, 0, 0, 0, 0],
  [0, 0, 0, 0, 0, 0, 0, 0, 0, 0, 0, 0, 0, 0, 0, 0, 0, 0, 0, 0, 0, 0, 0, 0, 0, 0, 0, 0, 0],
  [0, 2, 2, 2, 2, 2, 0, 0, 2, 2, 2, 2, 2, 0, 2, 2, 2, 2, 2, 0, 2, 2, 2, 2, 2, 0, 0, 0, 0],
  [0, 2, 2, 2, 2, 2, 0, 0, 2, 2, 2, 2, 2, 0, 2, 2, 2, 2, 2, 0, 2, 2, 2, 2, 2, 0, 0, 0, 0],
  [0, 2, 2, 9, 2, 2, 0, 0, 2, 2, 4, 2, 2, 0, 2, 2, 5, 2, 2, 0, 2, 2, 3, 2, 2, 0, 0, 0, 0],
  [0, 2, 2, 2, 2, 2, 0, 0, 2, 2, 2, 2, 2, 0, 2, 2, 2, 2, 2, 0, 2, 2, 2, 2, 2, 0, 0, 0, 0],
  [0, 2, 2, 2, 2, 2, 0, 0, 2, 2, 2, 2, 2, 0, 2, 2, 2, 2, 2, 0, 2, 2, 2, 2, 2, 0, 0, 0, 0],
  [0, 0, 0, 0, 0, 0, 0, 0, 0, 0, 0, 0, 0, 0, 0, 0, 0, 0, 0, 0, 0, 0, 0, 0, 0, 0, 0, 0, 0],
  [0, 0, 0, 0, 0, 0, 0, 0, 0, 0, 0, 0, 0, 0, 0, 0, 0, 0, 0, 0, 2, 2, 2, 2, 2, 0, 0, 0, 0],
  [0, 0, 0, 0, 0, 0, 0, 0, 0, 0, 0, 0, 0, 0, 0, 0, 0, 0, 0, 0, 2, 2, 2, 2, 2, 0, 0, 0, 0],
  [0, 0, 0, 0, 0, 0, 0, 0, 0, 0, 0, 0, 0, 0, 0, 0, 0, 0, 0, 0, 2, 2, 7, 2, 2, 0, 0, 0, 0],
  [0, 0, 0, 0, 0, 0, 0, 0, 0, 0, 0, 0, 0, 0, 0, 0, 0, 0, 0, 0, 2, 2, 2, 2, 2, 0, 0, 0, 0],
  [0, 0, 0, 0, 0, 0, 0, 0, 0, 0, 0, 0, 0, 0, 0, 0, 0, 0, 0, 0, 2, 2, 2, 2, 2, 0, 0, 0, 0],
  [0, 0, 0, 0, 0, 0, 0, 0, 0, 0, 0, 0, 0, 0, 0, 0, 0, 0, 0, 0, 0, 0, 0, 0, 0, 0, 0, 0, 0],
  [0, 4, 0, 8, 0, 9, 0, 4, 0, 7, 0, 6, 0, 9, 0, 4, 0, 5, 0, 3, 0, 7, 0, 0, 0, 0, 0, 0, 0],
  [0, 0, 0, 0, 0, 0, 0, 0, 0, 0, 0, 0, 0, 0, 0, 0, 0, 0, 0, 0, 0, 0, 0, 0, 0, 0, 0, 0, 0]
]
Your Output:
[[0,0,0,0,0,0,0,0,0,0,0,0,0,0,0,0,0,0,0,0,0,0,0,0,0,0,0,0,0],[0,2,2,2,2,2,0,0,2,2,2,2,2,0,0,0,0,0,0,0,2,2,2,2,2,0,0,0,0],[0,2,2,2,2,2,0,0,2,2,2,2,2,0,0,0,0,0,0,0,2,2,2,2,2,0,0,0,0],[0,2,2,4,2,2,4,4,2,2,8,2,2,8,8,8,8,8,8,8,2,2,9,2,2,0,0,0,0],[0,2,2,2,2,2,0,0,2,2,2,2,2,0,0,0,0,0,0,0,2,2,2,2,2,0,0,0,0],[0,2,2,2,2,2,0,0,2,2,2,2,2,0,0,0,0,0,0,0,2,2,2,2,2,0,0,0,0],[0,0,0,0,0,0,0,0,0,0,0,0,0,0,0,0,0,0,0,0,0,0,9,0,0,0,0,0,0],[0,0,0,0,0,0,0,0,0,0,0,0,0,0,0,0,0,0,0,0,0,0,9,0,0,0,0,0,0],[0,2,2,2,2,2,0,0,2,2,2,2,2,0,0,0,0,0,0,0,2,2,2,2,2,0,0,0,0],[0,2,2,2,2,2,0,0,2,2,2,2,2,0,0,0,0,0,0,0,2,2,2,2,2,0,0,0,0],[0,2,2,6,2,2,7,7,2,2,7,2,2,4,4,4,4,4,4,4,2,2,4,2,2,0,0,0,0],[0,2,2,2,2,2,0,0,2,2,2,2,2,0,0,0,0,0,0,0,2,2,2,2,2,0,0,0,0],[0,2,2,2,2,2,0,0,2,2,2,2,2,0,0,0,0,0,0,0,2,2,2,2,2,0,0,0,0],[0,0,0,6,0,0,0,0,0,0,0,0,0,0,0,0,0,0,0,0,0,0,0,0,0,0,0,0,0],[0,0,0,6,0,0,0,0,0,0,0,0,0,0,0,0,0,0,0,0,0,0,0,0,0,0,0,0,0],[0,2,2,2,2,2,0,0,2,2,2,2,2,0,2,2,2,2,2,0,2,2,2,2,2,0,0,0,0],[0,2,2,2,2,2,0,0,2,2,2,2,2,0,2,2,2,2,2,0,2,2,2,2,2,0,0,0,0],[0,2,2,9,2,2,9,9,2,2,4,2,2,4,2,2,5,2,2,5,2,2,3,2,2,0,0,0,0],[0,2,2,2,2,2,0,0,2,2,2,2,2,0,2,2,2,2,2,0,2,2,2,2,2,0,0,0,0],[0,2,2,2,2,2,0,0,2,2,2,2,2,0,2,2,2,2,2,0,2,2,2,2,2,0,0,0,0],[0,0,0,0,0,0,0,0,0,0,0,0,0,0,0,0,0,0,0,0,0,0,3,0,0,0,0,0,0],[0,0,0,0,0,0,0,0,0,0,0,0,0,0,0,0,0,0,0,0,2,2,2,2,2,0,0,0,0],[0,0,0,0,0,0,0,0,0,0,0,0,0,0,0,0,0,0,0,0,2,2,2,2,2,0,0,0,0],[0,0,0,0,0,0,0,0,0,0,0,0,0,0,0,0,0,0,0,0,2,2,7,2,2,0,0,0,0],[0,0,0,0,0,0,0,0,0,0,0,0,0,0,0,0,0,0,0,0,2,2,2,2,2,0,0,0,0],[0,0,0,0,0,0,0,0,0,0,0,0,0,0,0,0,0,0,0,0,2,2,2,2,2,0,0,0,0],[0,0,0,0,0,0,0,0,0,0,0,0,0,0,0,0,0,0,0,0,0,0,0,0,0,0,0,0,0],[0,4,0,8,0,9,0,4,0,7,0,6,0,9,0,4,0,5,0,3,0,7,0,0,0,0,0,0,0],[0,0,0,0,0,0,0,0,0,0,0,0,0,0,0,0,0,0,0,0,0,0,0,0,0,0,0,0,0]]
Expected Output:
[[0,0,0,0,0,0,0,0,0,0,0,0,0,0,0,0,0,0,0,0,0,0,0,0,0,0,0,0,0],[0,2,2,2,2,2,0,0,2,2,2,2,2,0,0,0,0,0,0,0,2,2,2,2,2,0,0,0,0],[0,2,2,2,2,2,0,0,2,2,2,2,2,0,0,0,0,0,0,0,2,2,2,2,2,0,0,0,0],[0,2,2,4,2,2,4,4,2,2,8,2,2,8,8,8,8,8,8,8,2,2,9,2,2,0,0,0,0],[0,2,2,2,2,2,0,0,2,2,2,2,2,0,0,0,0,0,0,0,2,2,2,2,2,0,0,0,0],[0,2,2,2,2,2,0,0,2,2,2,2,2,0,0,0,0,0,0,0,2,2,2,2,2,0,0,0,0],[0,0,0,0,0,0,0,0,0,0,0,0,0,0,0,0,0,0,0,0,0,0,9,0,0,0,0,0,0],[0,0,0,0,0,0,0,0,0,0,0,0,0,0,0,0,0,0,0,0,0,0,9,0,0,0,0,0,0],[0,2,2,2,2,2,0,0,2,2,2,2,2,0,0,0,0,0,0,0,2,2,2,2,2,0,0,0,0],[0,2,2,2,2,2,0,0,2,2,2,2,2,0,0,0,0,0,0,0,2,2,2,2,2,0,0,0,0],[0,2,2,6,2,2,7,7,2,2,7,2,2,4,4,4,4,4,4,4,2,2,4,2,2,0,0,0,0],[0,2,2,2,2,2,0,0,2,2,2,2,2,0,0,0,0,0,0,0,2,2,2,2,2,0,0,0,0],[0,2,2,2,2,2,0,0,2,2,2,2,2,0,0,0,0,0,0,0,2,2,2,2,2,0,0,0,0],[0,0,0,6,0,0,0,0,0,0,0,0,0,0,0,0,0,0,0,0,0,0,0,0,0,0,0,0,0],[0,0,0,6,0,0,0,0,0,0,0,0,0,0,0,0,0,0,0,0,0,0,0,0,0,0,0,0,0],[0,2,2,2,2,2,0,0,2,2,2,2,2,0,2,2,2,2,2,0,2,2,2,2,2,0,0,0,0],[0,2,2,2,2,2,0,0,2,2,2,2,2,0,2,2,2,2,2,0,2,2,2,2,2,0,0,0,0],[0,2,2,9,2,2,9,9,2,2,4,2,2,4,2,2,5,2,2,5,2,2,3,2,2,0,0,0,0],[0,2,2,2,2,2,0,0,2,2,2,2,2,0,2,2,2,2,2,0,2,2,2,2,2,0,0,0,0],[0,2,2,2,2,2,0,0,2,2,2,2,2,0,2,2,2,2,2,0,2,2,2,2,2,0,0,0,0],[0,0,0,0,0,0,0,0,0,0,0,0,0,0,0,0,0,0,0,0,0,0,3,0,0,0,0,0,0],[0,0,0,0,0,0,0,0,0,0,0,0,0,0,0,0,0,0,0,0,2,2,2,2,2,0,0,0,0],[0,0,0,0,0,0,0,0,0,0,0,0,0,0,0,0,0,0,0,0,2,2,2,2,2,0,0,0,0],[0,0,0,0,0,0,0,0,0,0,0,0,0,0,0,0,0,0,0,0,2,2,7,2,2,0,0,0,0],[0,0,0,0,0,0,0,0,0,0,0,0,0,0,0,0,0,0,0,0,2,2,2,2,2,0,0,0,0],[0,0,0,0,0,0,0,0,0,0,0,0,0,0,0,0,0,0,0,0,2,2,2,2,2,0,0,0,0],[0,0,0,0,0,0,0,0,0,0,0,0,0,0,0,0,0,0,0,0,0,0,0,0,0,0,0,0,0],[0,4,0,8,0,9,0,4,0,7,0,6,0,9,0,4,0,5,0,3,0,7,0,0,0,0,0,0,0],[0,0,0,0,0,0,0,0,0,0,0,0,0,0,0,0,0,0,0,0,0,0,0,0,0,0,0,0,0]]
Passed!

Input:
[
  [0, 0, 0, 0, 0, 0, 0, 0, 0, 0, 0, 0, 0, 0, 0, 0, 0, 0, 0, 0, 0, 0, 0, 0, 0, 0, 0, 0, 0, 0],
  [0, 1, 1, 1, 1, 1, 1, 0, 0, 0, 1, 1, 1, 1, 1, 1, 0, 0, 0, 0, 1, 1, 1, 1, 1, 1, 0, 0, 0, 0],
  [0, 1, 2, 2, 2, 2, 1, 0, 0, 0, 1, 4, 4, 4, 4, 1, 0, 0, 0, 0, 1, 1, 1, 1, 1, 1, 0, 0, 0, 0],
  [0, 1, 2, 2, 2, 2, 1, 0, 0, 0, 1, 4, 4, 4, 4, 1, 0, 0, 0, 0, 1, 1, 3, 3, 1, 1, 0, 0, 0, 0],
  [0, 1, 2, 2, 2, 2, 1, 0, 0, 0, 1, 4, 4, 4, 4, 1, 0, 0, 0, 0, 1, 1, 3, 3, 1, 1, 0, 0, 0, 0],
  [0, 1, 2, 2, 2, 2, 1, 0, 0, 0, 1, 4, 4, 4, 4, 1, 0, 0, 0, 0, 1, 1, 1, 1, 1, 1, 0, 0, 0, 0],
  [0, 1, 1, 1, 1, 1, 1, 0, 0, 0, 1, 1, 1, 1, 1, 1, 0, 0, 0, 0, 1, 1, 1, 1, 1, 1, 0, 0, 0, 0],
  [0, 0, 0, 0, 0, 0, 0, 0, 0, 0, 0, 0, 0, 0, 0, 0, 0, 0, 0, 0, 0, 0, 0, 0, 0, 0, 0, 0, 0, 0],
  [0, 0, 0, 0, 0, 0, 0, 0, 0, 0, 0, 0, 0, 0, 0, 0, 0, 0, 0, 0, 0, 0, 0, 0, 0, 0, 0, 0, 0, 0],
  [0, 1, 1, 1, 1, 1, 1, 0, 0, 0, 1, 1, 1, 1, 1, 1, 0, 0, 0, 0, 1, 1, 1, 1, 1, 1, 0, 0, 0, 0],
  [0, 1, 1, 1, 1, 1, 1, 0, 0, 0, 1, 1, 1, 1, 1, 1, 0, 0, 0, 0, 1, 1, 1, 1, 1, 1, 0, 0, 0, 0],
  [0, 1, 1, 3, 3, 1, 1, 0, 0, 0, 1, 1, 6, 6, 1, 1, 0, 0, 0, 0, 1, 1, 9, 9, 1, 1, 0, 0, 0, 0],
  [0, 1, 1, 3, 3, 1, 1, 0, 0, 0, 1, 1, 6, 6, 1, 1, 0, 0, 0, 0, 1, 1, 9, 9, 1, 1, 0, 0, 0, 0],
  [0, 1, 1, 1, 1, 1, 1, 0, 0, 0, 1, 1, 1, 1, 1, 1, 0, 0, 0, 0, 1, 1, 1, 1, 1, 1, 0, 0, 0, 0],
  [0, 1, 1, 1, 1, 1, 1, 0, 0, 0, 1, 1, 1, 1, 1, 1, 0, 0, 0, 0, 1, 1, 1, 1, 1, 1, 0, 0, 0, 0],
  [0, 0, 0, 0, 0, 0, 0, 0, 0, 0, 0, 0, 0, 0, 0, 0, 0, 0, 0, 0, 0, 0, 0, 0, 0, 0, 0, 0, 0, 0],
  [0, 1, 1, 1, 1, 1, 1, 0, 0, 0, 1, 1, 1, 1, 1, 1, 0, 0, 0, 0, 1, 1, 1, 1, 1, 1, 0, 0, 0, 0],
  [0, 1, 1, 1, 1, 1, 1, 0, 0, 0, 1, 1, 1, 1, 1, 1, 0, 0, 0, 0, 1, 5, 5, 5, 5, 1, 0, 0, 0, 0],
  [0, 1, 1, 9, 9, 1, 1, 0, 0, 0, 1, 1, 4, 4, 1, 1, 0, 0, 0, 0, 1, 5, 5, 5, 5, 1, 0, 0, 0, 0],
  [0, 1, 1, 9, 9, 1, 1, 0, 0, 0, 1, 1, 4, 4, 1, 1, 0, 0, 0, 0, 1, 5, 5, 5, 5, 1, 0, 0, 0, 0],
  [0, 1, 1, 1, 1, 1, 1, 0, 0, 0, 1, 1, 1, 1, 1, 1, 0, 0, 0, 0, 1, 5, 5, 5, 5, 1, 0, 0, 0, 0],
  [0, 1, 1, 1, 1, 1, 1, 0, 0, 0, 1, 1, 1, 1, 1, 1, 0, 0, 0, 0, 1, 1, 1, 1, 1, 1, 0, 0, 0, 0],
  [0, 0, 0, 0, 0, 0, 0, 0, 0, 0, 0, 0, 0, 0, 0, 0, 0, 0, 0, 0, 0, 0, 0, 0, 0, 0, 0, 0, 0, 0],
  [0, 0, 0, 0, 0, 0, 0, 0, 0, 0, 0, 0, 0, 0, 0, 0, 0, 0, 0, 0, 0, 0, 0, 0, 0, 0, 0, 0, 0, 0],
  [0, 0, 0, 0, 0, 0, 0, 0, 0, 0, 0, 0, 0, 0, 0, 0, 0, 0, 0, 0, 0, 0, 0, 0, 0, 0, 0, 0, 0, 0],
  [0, 0, 0, 0, 0, 0, 0, 0, 0, 0, 0, 0, 0, 0, 0, 0, 0, 0, 0, 0, 0, 0, 0, 0, 0, 0, 0, 0, 0, 0],
  [0, 0, 0, 0, 0, 0, 0, 0, 0, 0, 0, 0, 0, 0, 0, 0, 0, 0, 0, 0, 0, 0, 0, 0, 0, 0, 0, 0, 0, 0],
  [0, 0, 0, 0, 0, 0, 0, 0, 0, 0, 0, 0, 0, 0, 0, 0, 0, 0, 0, 0, 0, 0, 0, 0, 0, 0, 0, 0, 0, 0],
  [0, 2, 0, 4, 0, 3, 0, 9, 0, 5, 0, 4, 0, 6, 0, 3, 0, 9, 0, 0, 0, 0, 0, 0, 0, 0, 0, 0, 0, 0],
  [0, 0, 0, 0, 0, 0, 0, 0, 0, 0, 0, 0, 0, 0, 0, 0, 0, 0, 0, 0, 0, 0, 0, 0, 0, 0, 0, 0, 0, 0]
]
Your Output:
[[0,0,0,0,0,0,0,0,0,0,0,0,0,0,0,0,0,0,0,0,0,0,0,0,0,0,0,0,0,0],[0,1,1,1,1,1,1,0,0,0,1,1,1,1,1,1,0,0,0,0,1,1,1,1,1,1,0,0,0,0],[0,1,2,2,2,2,1,2,2,2,1,4,4,4,4,1,0,0,0,0,1,1,1,1,1,1,0,0,0,0],[0,1,2,2,2,2,1,2,2,2,1,4,4,4,4,1,0,0,0,0,1,1,3,3,1,1,0,0,0,0],[0,1,2,2,2,2,1,2,2,2,1,4,4,4,4,1,0,0,0,0,1,1,3,3,1,1,0,0,0,0],[0,1,2,2,2,2,1,2,2,2,1,4,4,4,4,1,0,0,0,0,1,1,1,1,1,1,0,0,0,0],[0,1,1,1,1,1,1,0,0,0,1,1,1,1,1,1,0,0,0,0,1,1,1,1,1,1,0,0,0,0],[0,0,0,0,0,0,0,0,0,0,0,0,0,0,0,0,0,0,0,0,0,0,3,3,0,0,0,0,0,0],[0,0,0,0,0,0,0,0,0,0,0,0,0,0,0,0,0,0,0,0,0,0,3,3,0,0,0,0,0,0],[0,1,1,1,1,1,1,0,0,0,1,1,1,1,1,1,0,0,0,0,1,1,1,1,1,1,0,0,0,0],[0,1,1,1,1,1,1,0,0,0,1,1,1,1,1,1,0,0,0,0,1,1,1,1,1,1,0,0,0,0],[0,1,1,3,3,1,1,6,6,6,1,1,6,6,1,1,0,0,0,0,1,1,9,9,1,1,0,0,0,0],[0,1,1,3,3,1,1,6,6,6,1,1,6,6,1,1,0,0,0,0,1,1,9,9,1,1,0,0,0,0],[0,1,1,1,1,1,1,0,0,0,1,1,1,1,1,1,0,0,0,0,1,1,1,1,1,1,0,0,0,0],[0,1,1,1,1,1,1,0,0,0,1,1,1,1,1,1,0,0,0,0,1,1,1,1,1,1,0,0,0,0],[0,0,0,3,3,0,0,0,0,0,0,0,4,4,0,0,0,0,0,0,0,0,0,0,0,0,0,0,0,0],[0,1,1,1,1,1,1,0,0,0,1,1,1,1,1,1,0,0,0,0,1,1,1,1,1,1,0,0,0,0],[0,1,1,1,1,1,1,0,0,0,1,1,1,1,1,1,0,0,0,0,1,5,5,5,5,1,0,0,0,0],[0,1,1,9,9,1,1,0,0,0,1,1,4,4,1,1,0,0,0,0,1,5,5,5,5,1,0,0,0,0],[0,1,1,9,9,1,1,0,0,0,1,1,4,4,1,1,0,0,0,0,1,5,5,5,5,1,0,0,0,0],[0,1,1,1,1,1,1,0,0,0,1,1,1,1,1,1,0,0,0,0,1,5,5,5,5,1,0,0,0,0],[0,1,1,1,1,1,1,0,0,0,1,1,1,1,1,1,0,0,0,0,1,1,1,1,1,1,0,0,0,0],[0,0,0,0,0,0,0,0,0,0,0,0,0,0,0,0,0,0,0,0,0,0,0,0,0,0,0,0,0,0],[0,0,0,0,0,0,0,0,0,0,0,0,0,0,0,0,0,0,0,0,0,0,0,0,0,0,0,0,0,0],[0,0,0,0,0,0,0,0,0,0,0,0,0,0,0,0,0,0,0,0,0,0,0,0,0,0,0,0,0,0],[0,0,0,0,0,0,0,0,0,0,0,0,0,0,0,0,0,0,0,0,0,0,0,0,0,0,0,0,0,0],[0,0,0,0,0,0,0,0,0,0,0,0,0,0,0,0,0,0,0,0,0,0,0,0,0,0,0,0,0,0],[0,0,0,0,0,0,0,0,0,0,0,0,0,0,0,0,0,0,0,0,0,0,0,0,0,0,0,0,0,0],[0,2,0,4,0,3,0,9,0,5,0,4,0,6,0,3,0,9,0,0,0,0,0,0,0,0,0,0,0,0],[0,0,0,0,0,0,0,0,0,0,0,0,0,0,0,0,0,0,0,0,0,0,0,0,0,0,0,0,0,0]]
Expected Output:
[[0,0,0,0,0,0,0,0,0,0,0,0,0,0,0,0,0,0,0,0,0,0,0,0,0,0,0,0,0,0],[0,1,1,1,1,1,1,0,0,0,1,1,1,1,1,1,0,0,0,0,1,1,1,1,1,1,0,0,0,0],[0,1,2,2,2,2,1,2,2,2,1,4,4,4,4,1,4,4,4,4,1,1,1,1,1,1,0,0,0,0],[0,1,2,2,2,2,1,2,2,2,1,4,4,4,4,1,4,4,4,4,1,1,3,3,1,1,0,0,0,0],[0,1,2,2,2,2,1,2,2,2,1,4,4,4,4,1,4,4,4,4,1,1,3,3,1,1,0,0,0,0],[0,1,2,2,2,2,1,2,2,2,1,4,4,4,4,1,4,4,4,4,1,1,1,1,1,1,0,0,0,0],[0,1,1,1,1,1,1,0,0,0,1,1,1,1,1,1,0,0,0,0,1,1,1,1,1,1,0,0,0,0],[0,0,0,0,0,0,0,0,0,0,0,0,0,0,0,0,0,0,0,0,0,0,3,3,0,0,0,0,0,0],[0,0,0,0,0,0,0,0,0,0,0,0,0,0,0,0,0,0,0,0,0,0,3,3,0,0,0,0,0,0],[0,1,1,1,1,1,1,0,0,0,1,1,1,1,1,1,0,0,0,0,1,1,1,1,1,1,0,0,0,0],[0,1,1,1,1,1,1,0,0,0,1,1,1,1,1,1,0,0,0,0,1,1,1,1,1,1,0,0,0,0],[0,1,1,3,3,1,1,6,6,6,1,1,6,6,1,1,0,0,0,0,1,1,9,9,1,1,0,0,0,0],[0,1,1,3,3,1,1,6,6,6,1,1,6,6,1,1,0,0,0,0,1,1,9,9,1,1,0,0,0,0],[0,1,1,1,1,1,1,0,0,0,1,1,1,1,1,1,0,0,0,0,1,1,1,1,1,1,0,0,0,0],[0,1,1,1,1,1,1,0,0,0,1,1,1,1,1,1,0,0,0,0,1,1,1,1,1,1,0,0,0,0],[0,0,0,3,3,0,0,0,0,0,0,0,4,4,0,0,0,0,0,0,0,0,9,9,0,0,0,0,0,0],[0,1,1,1,1,1,1,0,0,0,1,1,1,1,1,1,0,0,0,0,1,1,1,1,1,1,0,0,0,0],[0,1,1,1,1,1,1,0,0,0,1,1,1,1,1,1,5,5,5,5,1,5,5,5,5,1,0,0,0,0],[0,1,1,9,9,1,1,0,0,0,1,1,4,4,1,1,5,5,5,5,1,5,5,5,5,1,0,0,0,0],[0,1,1,9,9,1,1,0,0,0,1,1,4,4,1,1,5,5,5,5,1,5,5,5,5,1,0,0,0,0],[0,1,1,1,1,1,1,0,0,0,1,1,1,1,1,1,5,5,5,5,1,5,5,5,5,1,0,0,0,0],[0,1,1,1,1,1,1,0,0,0,1,1,1,1,1,1,0,0,0,0,1,1,1,1,1,1,0,0,0,0],[0,0,0,0,0,0,0,0,0,0,0,0,0,0,0,0,0,0,0,0,0,0,0,0,0,0,0,0,0,0],[0,0,0,0,0,0,0,0,0,0,0,0,0,0,0,0,0,0,0,0,0,0,0,0,0,0,0,0,0,0],[0,0,0,0,0,0,0,0,0,0,0,0,0,0,0,0,0,0,0,0,0,0,0,0,0,0,0,0,0,0],[0,0,0,0,0,0,0,0,0,0,0,0,0,0,0,0,0,0,0,0,0,0,0,0,0,0,0,0,0,0],[0,0,0,0,0,0,0,0,0,0,0,0,0,0,0,0,0,0,0,0,0,0,0,0,0,0,0,0,0,0],[0,0,0,0,0,0,0,0,0,0,0,0,0,0,0,0,0,0,0,0,0,0,0,0,0,0,0,0,0,0],[0,2,0,4,0,3,0,9,0,5,0,4,0,6,0,3,0,9,0,0,0,0,0,0,0,0,0,0,0,0],[0,0,0,0,0,0,0,0,0,0,0,0,0,0,0,0,0,0,0,0,0,0,0,0,0,0,0,0,0,0]]
Failed: Output did not match expected.